500.0
500.0 
500.0
500.0  
500.0 
500.0
500.0 
500.0
500.0  
500.0
500.0
500.0 
500.0
500.0  
500.0
500.0
500.0 
500.0
500.0  
500.0

1500 
1500 
1500 
1500 
1500             
1500 
1500 
1500 
1500 
1500 
1500 
1500 
1500 
1500 
1500 
1500 
1500 
1500 
1500 
1500 
1500 
1500 
1500 
1500 
1500 
1500 
1500 
1500 
1500 
1500 
1500 
1500 
1500 
1500 
1500 
            
2500 
2500 
2500 
2500 
2500
2500 
2500 
2500 
2500 
2500
2500 
2500 
2500 
2500 
2500
2500 
2500 
2500 
2500 
2500
2500 
2500 
2500 
2500 
2500
2500 
2500 
2500 
2500 
2500
2500 
2500 
2500 
2500 
2500
2500 
2500 
2500 
2500 
2500
2500 
2500 
2500 
2500 
2500
2500 
2500 
2500 
2500 
2500
2500 
2500 
2500 
2500 
2500
2500 
2500 
2500 
2500 
2500
2500 
2500 
2500 
2500 
2500
2500 
2500 
2500 
2500 
2500

3500
3500
3500
3500
3500
3500
3500
3500
3500
3500
3500
3500
3500
3500
3500
3500
3500
3500
3500
3500
3500
3500
3500
3500
3500
3500
3500
3500
3500
3500
3500
3500
3500
3500
3500
3500
3500
3500
3500
3500

4500
4500
4500
4500
4500
4500
4500
4500
4500
4500
4500
4500
4500
4500
4500





            
          
           
