0.3759   
0.1978   
0.0864   
0.7861   
0.2286   
0.4140   
0.6918   
0.3934   
0.1483   
0.3116   

0.2002   
0.8411   
0.3876   
0.0133   
0.7476   
0.2152   
0.7750   
0.2346   
0.5631   
0.6755   

0.8998   
0.1737   
0.3891   
0.7041   
0.7594   
0.0933   
0.9706   
0.2913   
0.1439   
0.2645   

0.9430   
0.2139   
0.9332   
0.5280   
0.0165   
0.5016   
0.2476   
0.5459   
0.1351   
0.2889   

0.9093   
0.1437   
0.4334   
0.2486   
0.2736   
0.5509   
0.9093   
0.0289   
0.3620   
0.6868   

0.2192   
0.0094   
0.8836   
0.5559   
0.5087   
0.7021   
0.5130   
0.8465   
0.9502   
0.1925   

0.7532   
0.6702   
0.6318   
0.1772   
0.8711   
0.0214   
0.0402   
0.2729   
0.6796   
0.5978   

0.8039   
0.1847   
0.9821   
0.8072   
0.5476   
0.8322   
0.2951   
0.3191   
0.0233   
0.5978   

0.1818
0.4732
0.4102
0.6703
0.9019
0.3632
0.9361
0.2577
0.5624
0.0785

0.1904
0.9256
0.7089
0.7755
0.0742
0.8921
0.3042
0.7506
0.0491
0.5320


